time,x,y,z,phi,theta,psi,x_velocity,y_velocity,z_velocity,phi_velocity,theta_velocity,psi_velocity,rotor_speed1,rotor_speed2,rotor_speed3,rotor_speed4
0.06,7.537411813529737e-08,-5.968186304170626e-08,10.000150711212116,6.28307042808321,6.282928529334031,0.0,1.22367812653009e-05,-6.772594701805558e-06,0.005023633244551336,-0.006049168388802755,-0.014620601846449912,0.0,406.05374000650824,404.7403174822679,406.173664349422,405.6309366197018
0.12000000000000001,9.991670457595673e-06,-4.440224619501564e-06,10.004687276195982,6.282314702342042,6.282046421689618,0.0,0.0004134049241802689,-0.00019420069008658743,0.14618676850407758,-0.030787088798791853,-0.014864768183423957,0.0,449.57483233371926,449.55515284772116,450.9780612151749,448.9758975926378
0.18,6.900473401676608e-05,-4.602176075293944e-05,10.0220913280704,6.281484314571735,6.281224194257428,0.0,0.0016647439193988086,-0.0013495389497622085,0.4338829779620677,0.007705747595369293,-0.011477500083776867,0.0,493.11084498525383,493.3610935216052,491.1756202774446,494.0215923307715
0.23999999999999996,0.0002125274384261802,-0.0001613573484317076,10.05171160937474,6.281603053148201,6.281099767933277,0.0,0.003157029099500004,-0.0024606453352753717,0.5534088329297168,-0.013073580362566666,0.012101417694118667,0.0,441.919245271943,443.8583005256666,444.50142287513967,442.7955466252937
0.3,0.00044378245280706364,-0.00034614845228428474,10.088925486146485,6.281074414992585,6.282197936240308,0.0,0.004451366090351927,-0.003767960026117299,0.6869824750378727,-0.0014169689120583787,0.02847167449119402,0.0,447.7441782858397,449.0737739189234,446.6453634291083,447.59499456194607
0.36000000000000004,0.0007237145756605286,-0.0006134248630923218,10.13183543631671,6.280659593646224,0.0008728146657919211,0.0,0.004708802020545167,-0.005161954844436597,0.7433139109201937,-0.021153431073153723,0.0356371728613524,0.0,422.87055024517593,423.4876421961213,424.30282382048983,422.6053519864484
0.4200000000000001,0.0009774368403666037,-0.0009853824219136721,10.181285377892552,6.279156828374045,0.0032366031013735252,0.0,0.003497615845091113,-0.007388733974954701,0.904902297271234,-0.03426224416882983,0.04601569966698889,0.0,455.85566651713395,456.68486001743867,457.47040239947694,456.425431220684
0.48000000000000015,0.0010922493204362678,-0.0015405255362400192,10.24326748921541,6.277015572742883,0.006050528603557481,0.0,-1.8467957988944775e-05,-0.011377350125910015,1.1609409778548423,-0.03870189545082521,0.04860831046495906,0.0,485.2335754914483,485.4292517498042,484.302952953121,483.9685005695093
0.5400000000000001,0.0009548729766213139,-0.0023590787850179145,10.315922789190957,6.274158159571247,0.009101056360169224,0.0,-0.004864651298408228,-0.016157359518365902,1.2607933086830507,-0.07896853076851461,0.05497088295230298,0.0,437.5242786582644,438.05530793231617,440.3227778207898,436.9773500607544
0.6000000000000002,0.0004214924460477153,-0.0035749573544744985,10.398788921724744,6.269358034658669,0.012217789325157824,0.0,-0.01330671649926066,-0.024954422167777896,1.5011167102002132,-0.08215234989328611,0.04508242785023491,0.0,481.8472238944872,481.10067723457814,480.5321396076199,480.2861279425319
0.6600000000000003,-0.0007097054936604529,-0.0054580925299376045,10.497367990300287,6.264244124954956,0.014785659851276556,0.0,-0.024735824660707856,-0.03845805998352892,1.7844395046151047,-0.09223319551779362,0.037786439785803434,0.0,493.61239481651404,493.07453871044106,494.6892654705214,493.94124760145263
0.7200000000000003,-0.002542249857979898,-0.008222453936746777,10.609656997181819,6.2587123612695486,0.01737742590418545,0.0,-0.03662102140534466,-0.05430628706098232,1.9582280698315038,-0.0921219507311779,0.052265620591771325,0.0,462.7691032828112,463.9082756337695,462.3337452510904,462.3357073298822
0.7800000000000004,-0.005137014986788576,-0.012044277844514069,10.731611767328243,6.2536644244211335,0.020638784697005086,0.0,-0.05021600438063624,-0.07365431396356194,2.1066465774854057,-0.0716533850725557,0.05823791134024872,0.0,454.5602729533549,455.0404773013397,455.95828362664105,457.58472080608385
0.8400000000000004,-0.008502501549045645,-0.016965380827482945,10.856900039693139,6.249348064130473,0.024242726575705476,0.0,-0.06225871618361071,-0.09073639743526929,2.0696781419631276,-0.07251714136664425,0.06348984146727576,0.0,395.92745657777783,396.4133662292194,395.4330243409868,395.3487550912465
0.9000000000000005,-0.012757443347722724,-0.023130556314294146,10.9842236566488,6.244836620774823,0.028116625507521142,0.0,-0.07996253645042832,-0.11521668569067291,2.174220631383464,-0.08115653809567441,0.06663197641180928,0.0,442.1651095329685,442.4269579607138,443.4706511613424,442.75597824942906
0.9600000000000005,-0.018153970767734777,-0.03085729224953155,11.117736953761694,6.239712311574879,0.03238048194968357,0.0,-0.10033992485940245,-0.14284208159581338,2.275988864067176,-0.09564521897748486,0.0787090697686305,0.0,441.20579323900927,442.20559713329015,443.5266908106409,442.3290400121333
1.0200000000000005,-0.024873884073961076,-0.04036306833341483,11.257623655209308,6.234018397341151,0.037636670802595695,0.0,-0.12417119651718342,-0.1745982413119307,2.386626766743601,-0.09344665940738266,0.10117514275462156,0.0,445.2121662651058,447.05259728192135,445.0182211678093,445.1905005435495
1.0800000000000005,-0.03315120016084923,-0.051908795804159864,11.404462019397366,6.2288298912766145,0.04370309992071153,0.0,-0.15236774394333621,-0.21080950860138534,2.5076662276000308,-0.07528807596327165,0.10097093323463684,0.0,450.05297332909464,450.045147488915,448.1362426867548,449.6035348648301
1.1400000000000006,-0.04307871837287631,-0.0655232500885798,11.554741350051602,6.223983580528486,0.05002094459063677,0.0,-0.1790858461675491,-0.2434064883349293,2.501602934993274,-0.09495380646179198,0.11278131179064366,0.0,407.787363048923,408.85166623873465,410.1589072487094,408.4025404267499
1.2000000000000006,-0.05518414006796211,-0.08172320479578765,11.713623403333438,6.217838503221628,0.05721865756189981,0.0,-0.22530918089703564,-0.2973110532900409,2.7936893727005643,-0.12470663304525637,0.131417016287003,0.0,499.9517868448641,501.31871558044867,501.5836879544985,499.4099995944435
1.2600000000000007,-0.07001718830290764,-0.10105451289573346,11.885911939161458,6.210088459875276,0.06488992187269638,0.0,-0.2699619340420667,-0.347872571438673,2.948747812498428,-0.1400363906836209,0.11956727453768837,0.0,462.40476285521953,461.4845200078665,463.3508871662502,462.12941573587744
1.3200000000000007,-0.08773492465642503,-0.12363694407410364,12.06803381293844,6.201665174327697,0.07193618330411589,0.0,-0.32140198018061256,-0.40578422379909423,3.12137472597719,-0.14110010585252664,0.11280132281366592,0.0,469.2752694772735,468.7613398010969,468.45322132803216,468.3532812967094
1.3800000000000008,-0.10865577736105006,-0.1498372472273404,12.259899450350316,6.193034786313056,0.07868598956198625,0.0,-0.37667110963456735,-0.46845481468736194,3.27355696828724,-0.1499674004599844,0.11188116874189964,0.0,463.86893442869433,463.80733183158816,464.15954809004353,463.44466973469883
1.4400000000000008,-0.13231957437071212,-0.1791623931397213,12.451868059417384,6.184138229715334,0.08548702967313027,0.0,-0.41259844463135986,-0.5096691217110234,3.1256973233865595,-0.14509490672917963,0.11613615780209989,0.0,363.36354032155924,363.8044234830443,362.5513605918525,363.0145572393252
1.5000000000000009,-0.15900570078932397,-0.21197285070877261,12.643817841195816,6.1754421491982825,0.0923853938209227,0.0,-0.4776596129969266,-0.5849095057195017,3.2720117104596884,-0.14461650195441936,0.11254037315227816,0.0,463.1801203575413,462.9084548992297,462.5577308268161,462.5766708098695
1.560000000000001,-0.18955591234260105,-0.2492651885620487,12.842479977626114,6.166948367376005,0.0990237102162892,0.0,-0.5413219158733846,-0.6589809618825656,3.3496262306792444,-0.13607127178063344,0.10653845669487551,0.0,442.3188425054803,441.8351556046346,443.0366879921396,443.71999153050297
1.620000000000001,-0.2241793573586423,-0.29130935855743373,13.046952871062786,6.158850849444155,0.10593513149714173,0.0,-0.6134575406961813,-0.7432871406662636,3.4655549360236773,-0.13282364791705847,0.1284717663062914,0.0,454.9694248819472,456.7333904815788,455.44636869969474,455.68972463420573
1.680000000000001,-0.2636470235806003,-0.33900118230058324,13.26166729727258,6.150357155520483,0.11506977903383664,0.0,-0.7030964381212753,-0.8473078710959363,3.6905641573054866,-0.17142146616321982,0.17871350404301978,0.0,487.65854692212343,491.4149618734996,491.1184776872805,488.22928311571224
1.740000000000001,-0.3087376234545036,-0.3931591603228426,13.489894526582086,6.140183181275628,0.125991794355377,0.0,-0.8011408108871894,-0.9590576183685107,3.9158244000274243,-0.16609704358545183,0.18795298410904693,0.0,491.82156159286524,492.53388724298895,491.27870547091703,491.6488003632602
1.8000000000000012,-0.3594290075735985,-0.4536446719219619,13.727310134574868,6.129946173692847,0.13744302647896145,0.0,-0.8896633221326472,-1.0580531403030302,3.9973317455957065,-0.18165972328040544,0.19609453965044785,0.0,450.75005991278977,451.44236430170304,451.2528751386468,449.966973656728
1.8600000000000012,-0.4154669065105691,-0.5200556752185977,13.968147543448302,6.119202889091987,0.14916851224656735,0.0,-0.979329605113479,-1.1565872594511537,4.030020511008335,-0.17430316718970212,0.19405271493850143,0.0,438.0383837642837,437.9064532003607,435.13117640293865,435.7149271032421
1.9200000000000013,-0.4770407565583373,-0.5925029505439894,14.210456779996756,6.108693304981609,0.16064201974595083,0.0,-1.0741563637813933,-1.2592098663684654,4.046424543860229,-0.1769276980016387,0.18487840987510484,0.0,432.50365480868345,431.7668943383721,433.1867588092007,432.9355496043475
1.9800000000000013,-0.5454872816118156,-0.6723342326442786,14.459513215472228,6.098380746387734,0.17218270435539118,0.0,-1.2085976784013113,-1.4028632879814118,4.254037315665187,-0.16332705062949626,0.20415893357575354,0.0,492.2046227273716,493.6612446550863,493.0347423625381,494.01335464843396
2.0400000000000014,-0.6215058558677756,-0.7602001132922609,14.716580714861122,6.088281482003826,0.18419558547011228,0.0,-1.3264704599179593,-1.5268447737067279,4.314042361653272,-0.18085193249325265,0.19086936976264313,0.0,451.80667262537247,450.7722642152706,451.4380358472798,449.99452012714573
2.1000000000000014,-0.7043550462939603,-0.8552030718905134,14.974675895805197,6.077623981349017,0.1957651243561207,0.0,-1.4361354170642702,-1.6407732418728909,4.288637084342371,-0.17185472682671632,0.19647066535859398,0.0,424.6372824388716,425.1556395611289,423.88233678529315,424.62278194290855
2.1600000000000015,-0.7950387818101904,-0.9582958103000631,15.236304670979939,6.06792934332327,0.20752049401215356,0.0,-1.5877941999394827,-1.7965147493227185,4.430972435761821,-0.1464316094538309,0.19480588794444723,0.0,478.6277784372001,478.53554233604206,480.1064133063759,482.0084506045506
2.2200000000000015,-0.8944072679678956,-1.0702449806453682,15.50324854279936,6.059125484587536,0.21867085762282912,0.0,-1.7255004322710275,-1.9358155716538572,4.4662938289639955,-0.14733579879851547,0.15422254203136385,0.0,449.41159231286775,446.1413152924375,450.0746183992043,449.9815453783632
2.2800000000000016,-1.0014178900023294,-1.1898856046220863,15.768624411164524,6.050014161497497,0.22789540129218722,0.0,-1.8422621902975895,-2.0528827233945037,4.379316661505977,-0.16290007674946855,0.15276565844534826,0.0,408.60767267148685,408.5023412800624,409.8792631607388,408.4692621484529
2.3400000000000016,-1.116604596488279,-1.3177085099890693,16.032973910856967,6.0402708088083035,0.23724947668089325,0.0,-1.998084127559187,-2.20865281325627,4.431309530356907,-0.16138790166635633,0.16152544609991262,0.0,456.26326568324504,456.9843895949047,457.3342522014217,457.4304095819678
2.4000000000000017,-1.2405753578905423,-1.454308458715308,16.297336481215623,6.030856347247365,0.246765486451479,0.0,-2.1350534876021454,-2.345393640878537,4.380226516874059,-0.14919653013255327,0.15200222780511152,0.0,425.06083327024743,424.2688850246876,424.0333935349578,425.0548808087204
2.4600000000000017,-1.374087712693467,-1.6004110870714023,16.562983073496945,6.022129617556001,0.256024646281249,0.0,-2.3161282083446926,-2.5253513142100945,4.473321369941125,-0.13884472511569018,0.15858663853737726,0.0,473.92052463788997,474.44723182324,473.02216461764857,473.80033905880566
2.520000000000002,-1.517706564405937,-1.7565371807107284,16.83058915517974,6.013589321625997,0.2657762030037638,0.0,-2.471944061838825,-2.679461157895777,4.446121607814742,-0.15043583583039308,0.1694172555348844,0.0,436.94522340889625,437.8728546081491,437.37391732020825,436.3879089499721
2.580000000000002,-1.6713611375003552,-1.922550531847748,17.098254509185917,6.004311182221981,0.2756026473209481,0.0,-2.6506835109020237,-2.854961386571835,4.4748909177284615,-0.1647243702315559,0.1490488460921823,0.0,457.85418574104045,456.2549951469665,459.18252637325566,458.02543413592684
2.640000000000002,-1.8367334757333442,-2.100045214926688,17.37023966188934,5.994075242790318,0.2840458660149112,0.0,-2.8623937748889725,-3.0622318913668902,4.589544965601737,-0.1861550308680191,0.11364381173456167,0.0,488.650973670386,486.01986500451835,489.3905001032376,487.76699081207795
2.700000000000002,-2.0136855955840303,-2.28891298985651,17.644702036100636,5.983107969998919,0.29111778474570116,0.0,-3.0365304485546507,-3.2341542890734245,4.558259263311865,-0.17679350877048922,0.12519000781446515,0.0,444.22073480018236,445.17909216399386,442.88771506400593,443.62465293302597
2.760000000000002,-2.2010793202349324,-2.4881382538780636,17.916728802813026,5.972866729588745,0.2985238900827083,0.0,-3.210489327982894,-3.4074151754754434,4.508408109550086,-0.16065964036075134,0.1196755463120089,0.0,439.2761373610568,438.83252458674366,439.8270481833956,441.1330556595615
2.820000000000002,-2.39907266631417,-2.6979506760779555,18.18573876682548,5.963416006489666,0.30521055520974993,0.0,-3.389811510866076,-3.5869876614519227,4.457680116478214,-0.1518685990868514,0.0849582224023859,0.0,443.25789557341426,440.4054722987613,440.92974758977806,441.6318029956489
2.880000000000002,-2.60822718782829,-2.918976333422676,18.452449165733654,5.953926820455667,0.31014452101705636,0.0,-3.582338847790955,-3.7811657422262943,4.431615958376414,-0.1752616652417035,0.07613716905046229,0.0,451.3128021943831,450.60547324693437,454.3815388668935,452.478139174404
2.940000000000002,-2.8289662991084104,-3.1517561912409633,18.717286934700855,5.943096318706914,0.3141943923993642,0.0,-3.7759122027561185,-3.978895110042937,4.3952217567223535,-0.19386772452893714,0.038301934705870164,0.0,452.6796317178115,449.62707663409213,451.9048265244332,450.3708222399076
3.000000000000002,-3.062152159500975,-3.3973669131152624,18.982000707460568,5.931369515502297,0.31752802319228923,0.0,-3.996994847675986,-4.208914314729531,4.426981797151014,-0.19880220484384367,0.07735729458639026,0.0,474.8448382607338,477.83371535105186,477.2257973302182,476.81443964504035
3.0600000000000023,-3.306126850425737,-3.654307872351189,19.24117964387369,5.919480671980121,0.3220910486316306,0.0,-4.135989641036915,-4.3566496553873275,4.2121941151720135,-0.19687101236894133,0.07330118372973561,0.0,392.0750215110399,391.7032881397839,390.1331925790632,390.2691396326439
3.1200000000000023,-3.5608142608000946,-3.9227191703979707,19.493788740629967,5.907286920685445,0.326162305728241,0.0,-4.353772663235943,-4.591152044544081,4.206533857573702,-0.22061713157787088,0.053796797854995686,0.0,470.36403084337655,468.8538689614107,468.63974139697217,466.7509069937207
3.1800000000000024,-3.8274189348064014,-4.204076202646283,19.74250277428053,5.89358948959379,0.3288604474088608,0.0,-4.533301213153427,-4.788321777966126,4.083044710306523,-0.2515919665903419,0.014360343449747555,0.0,432.1110948036939,428.7738883918695,432.1246010198354,429.44970957892076
3.2400000000000024,-4.104793983834674,-4.497411010571894,19.983515504466254,5.878358131679281,0.32963898793088386,0.0,-4.712638303944174,-4.990534605403998,3.949812721109186,-0.25880734275829725,0.010051706875527226,0.0,429.1498271206216,428.7837370250914,429.89696128831235,429.21768820376286
3.3000000000000025,-4.393847917198499,-4.804128461041867,20.218756924323063,5.862779633481615,0.33081161763313904,0.0,-4.92243508443346,-5.234389227924655,3.890033610537598,-0.26136077437322813,0.0338194783010141,0.0,457.233251495669,459.1233102301404,458.68698058280023,458.41852725833445
3.3600000000000025,-4.6957936492605,-5.126047197046309,20.45091255638366,5.8471742407404825,0.33245146103339795,0.0,-5.1423773702573925,-5.497187167890244,3.8466689220370114,-0.2576672525570448,0.009376576334340466,0.0,469.1871385106508,467.28523895872524,467.4872065466739,467.7105917581851
3.4200000000000026,-5.011376748816001,-5.46448729932159,20.68129868894274,5.831836440962537,0.3336057972355899,0.0,-5.376849687799467,-5.78503714249961,3.830765262642355,-0.251846319956938,0.03393623548805767,0.0,481.11603657521846,482.9723532446667,481.09085872929694,481.47131996234646
3.4800000000000026,-5.339670702459067,-5.818698707462646,20.90687304024252,5.817073373590038,0.3353146704493897,0.0,-5.566404699921997,-6.022920610767542,3.6870983382120306,-0.23645618029323698,0.01438907534700714,0.0,441.63055624897714,440.01503265036996,440.3692972068413,441.57949441965053
3.5400000000000027,-5.679015961963899,-6.186921469853086,21.122694733057113,5.802836002917019,0.3359614694510107,0.0,-5.745237727901265,-6.252093389095389,3.505933518230177,-0.23900694635903347,0.0023549844557352205,0.0,430.29475530862254,429.2743574969112,429.88246447729176,429.60788921654415
3.6000000000000028,-6.029754932169353,-6.5699319517687265,21.32905726427013,5.788085898587065,0.33645202763622084,0.0,-5.946031071818568,-6.51578049152142,3.3713201314415975,-0.265149882351812,0.017824105323636024,0.0,450.32487861797557,451.5747245831366,450.7337436359166,448.55443675049247
3.660000000000003,-6.3934995417216625,-6.97024996924808,21.52943775301352,5.7723974858294405,0.33860220940811914,0.0,-6.178632570444856,-6.828898863332138,3.305695059158879,-0.2549953211855708,0.058242369151623355,0.0,478.17195864560705,481.2423925598799,478.84136446376647,479.54995100160386
3.720000000000003,-6.768679689585582,-7.386016112024445,21.719230668300774,5.757422016756923,0.3417286659485983,0.0,-6.3277896799659485,-7.030967972954654,3.0200472113225283,-0.24054386761112678,0.03555389861563058,0.0,400.3445874590145,398.27603295517315,399.63208872248845,400.877461106323
3.780000000000003,-7.1536397192170424,-7.8151689447209005,21.89356219664858,5.742897027090741,0.3439205960403733,0.0,-6.504434351549734,-7.2750043629103125,2.7897974016801057,-0.24534739874762185,0.03841981138162359,0.0,424.22280691465124,424.46958530055343,425.96222641737523,425.489631155595
3.840000000000003,-7.548564764791528,-8.258163602386231,22.052207931165224,5.7277960547120745,0.3461180355245599,0.0,-6.660084943041324,-7.4924724026509315,2.497543494247605,-0.26896972049054846,0.03276696464359246,0.0,402.6058104511154,402.09459250566664,403.5166951942264,401.3057713247154
3.900000000000003,-7.953976966412383,-8.715992907219377,22.195672492953825,5.711248572609696,0.3478327998283488,0.0,-6.8537366512371865,-7.769341032550868,2.282879605652831,-0.29507002166521584,0.01851255537184878,0.0,439.32191515117887,438.13822679441364,437.7759127648933,435.51816991886267
3.960000000000003,-8.371593438787288,-9.191465971986371,22.32722460114431,5.694117640924773,0.3491077858950149,0.0,-7.066711973565518,-8.080520840314755,2.0999620030529176,-0.2711957111140217,0.026227681368976043,0.0,454.47103818851275,455.08919421735675,454.8139766025942,456.6414608332136
4.020000000000002,-8.800930060599574,-9.684163446465558,22.444980971430624,5.677733091593087,0.3506477731460773,0.0,-7.244664796743415,-8.343611922835294,1.823718794096281,-0.27711916136395653,0.02451985330007668,0.0,423.34232416303826,423.19544689349283,422.9623236356118,422.37199129480643
4.080000000000001,-9.24119996201525,-10.19317721503984,22.546351676510877,5.6611942826578385,0.3522141753671715,0.0,-7.431085997686512,-8.62433380479604,1.5535166589053422,-0.27286002540548554,0.029104789503642668,0.0,430.38929354410317,430.7774787364352,429.59103443654465,429.8724732387032
4.14,-9.69243072731469,-10.71881144072709,22.630607026205833,5.645085745546542,0.35489564321874134,0.0,-7.610100408690537,-8.897627712908857,1.2532724704158789,-0.2609143704550557,0.06507501020842649,0.0,420.69358583816563,423.7990339218106,422.2065958581665,423.1594275586673
4.199999999999998,-10.156672346746566,-11.264598987029016,22.701309574340478,5.629684949167148,0.3584666087727033,0.0,-7.8643652894074085,-9.295465717861354,1.1001227759635903,-0.24934368954446573,0.04506833312918161,0.0,488.0514103434706,486.557456094328,488.71218681237974,489.51438455827736
4.259999999999997,-10.635155592541837,-11.832734171000247,22.760127245136772,5.615149166184629,0.3607963653443891,0.0,-8.084966323098998,-9.642797065453616,0.8578334211186512,-0.23094742312999125,0.021870258836406496,0.0,461.7945650365078,459.96098716109526,461.27805417445785,462.6724324976202
4.319999999999996,-11.126862567511708,-12.421817819588124,22.803906756673133,5.601243013149217,0.36233744821040226,0.0,-8.305117455318952,-9.993761055523624,0.5988925111695003,-0.2334621978732661,0.03239042354226506,0.0,461.4750065899936,462.3050902326866,461.83056770124807,461.5808159571657
4.379999999999995,-11.629555053063868,-13.028388770848125,22.82713706288265,5.58753785917666,0.3637434520161662,0.0,-8.451699950607084,-10.226380922331387,0.1742418969289423,-0.21988679083242693,-0.00822555060218029,0.0,395.83971066340706,392.0825186550021,394.0875795786886,395.2817637346014
4.439999999999993,-12.14084324665196,-13.648677579679202,22.824081713683107,5.5744658318199605,0.3630724313547393,0.0,-8.59170080882256,-10.451214590800959,-0.2771204565093536,-0.2141127773777903,-0.01787588940991441,0.0,384.55078265621876,383.63518348756236,385.4886641667863,385.97930272208947
4.499999999999992,-12.663860548068493,-14.28828535061043,22.800185123848422,5.561481144595145,0.3624134855830219,0.0,-8.8417431668173,-10.869270747922481,-0.5226884094015178,-0.22144824721612452,0.00010894655187538779,0.0,482.4826859297317,483.83922877055176,483.2017922284656,482.6059997766079
4.559999999999991,-13.20065990279868,-14.951045909366288,22.758653050386062,5.548227454444646,0.3626511267537076,0.0,-9.051447545635567,-11.223321471363931,-0.8643867642654328,-0.21981236201172497,0.010725359208922298,0.0,449.602149311804,450.46177711674136,452.3246053373171,452.4090049094835
4.6199999999999894,-13.74890448585377,-15.633191952531048,22.693897195088926,5.535024965542899,0.36312006188842716,0.0,-9.223564375483203,-11.515860059639989,-1.296198938999177,-0.22050283074380805,0.0012472929686775246,0.0,417.3887151633514,416.5602063976317,417.98274171499475,417.87123405303504
4.679999999999988,-14.308568818806124,-16.33498486181908,22.604837568289007,5.521608803488707,0.3632156628685488,0.0,-9.43178549417518,-11.877831727713572,-1.6753509986144706,-0.23064711364153534,0.00227668676023624,0.0,449.6760471172927,449.75942978757143,449.66266376031973,448.7905871945992
4.739999999999987,-14.880918829300445,-17.059015303479608,22.492847160904077,5.507606103371764,0.36390078273715964,0.0,-9.646334926845638,-12.256984726049987,-2.0609063049715766,-0.23947908950738442,0.025289464813602086,0.0,454.89264405257165,456.7324747040464,456.30003400127555,455.5412167802911
4.799999999999986,-15.466263333902013,-17.806187925293436,22.35735826182271,5.493394819389021,0.3653601362011738,0.0,-9.864879118899246,-12.649095227908214,-2.4589673691079743,-0.23207307407647104,0.02231527140465671,0.0,460.1529583238395,459.9174019990045,460.90540293151963,461.4368497104675
4.859999999999984,-16.063682775759673,-18.57512668370109,22.195451702936957,5.4791920725854,0.3668028393398295,0.0,-10.049107107892535,-12.982976834132632,-2.9409309367915704,-0.2481136751576525,0.027297359763219592,0.0,431.5341799095591,431.9548263807201,432.53391649100126,431.1220553769772
4.919999999999983,-16.672994222125865,-19.365831654454766,22.005512336254196,5.46435574413826,0.36801045929223264,0.0,-10.260978971662698,-13.374197632155655,-3.3942314449272843,-0.2456434046729163,-0.0007836870106777,0.0,457.3823973963534,455.1393751855222,456.6361596292484,456.77383226285775
4.979999999999982,-17.29486707408583,-20.17991641810729,21.78743265014441,5.449323070937279,0.36764457745400225,0.0,-10.46782663534089,-13.762442436162612,-3.8789558172799685,-0.2627653129616297,-0.019713131318412375,0.0,455.0993129251704,453.5809687812746,454.2187288424958,452.780724374098
5.0399999999999805,-17.928897460169814,-21.017025032950603,21.53913989915264,5.433889724427948,0.36663938920384354,0.0,-10.66624788077885,-14.141747268913962,-4.401407924269892,-0.24798015128672052,-0.011408235451431324,0.0,447.9432778448999,448.61855629714603,447.99065821761695,449.1257741250282
